0	1.0
1	0.36363388652307904
2	0.3007855612632757
3	0.2260426763858277
4	0.10903185526581627
5	0.0819057840383755
6	0.06143304154947337
7	0.027665300491531774
8	0.02062700471371562
9	0.014433676952546309
10	0.015503853868107148
11	0.009096544413629984
12	0.008968639752764672
13	0.009697992996717579
14	0.009388405391826627
15	0.008185144781941319
16	0.008110175480235928
17	0.007832444448931802
18	0.007224924994131613
19	0.0066240495845390135
20	0.00703246207615127
21	0.006074284248180256
22	0.005272282203279767
23	0.005419931928620128
24	0.004988025332598627
25	0.004649603979650113
26	0.004264942943668138
27	0.0034851751247078097
28	0.0036619520732272164
29	0.0039243185150138115
30	0.003580508151541235
31	0.0026034694999771306
32	0.0024518398695537956
33	0.002507042820818466
34	0.0019807674719280748
35	0.001972996683653483
36	0.0020104951968203623
37	0.001570769431623467
38	0.0013766298874492212
39	0.0012040433625102895
40	0.0010450339258565536
41	0.0009630265761830789
42	0.0009673009574458822
43	0.0009416770697236095
44	0.000933087268591901
45	0.0009265493328893359
46	0.0009161272699800802
47	0.0009142510096881974
48	0.0009064466125240987
49	0.0009030376389165
50	0.0008963308894052936
51	0.0008970643704691766
52	0.0008961504835471468
53	0.0008839674758855244
54	0.0008849476265825048
55	0.000867468186345148
56	0.0008396124715511972
57	0.0008296774539600284
58	0.0008299406637521578
59	0.0008330280974125445
60	0.0008103950117671207
61	0.0008105049196588372
62	0.0008131927782690981
63	0.0008138860199296389
64	0.0008174694850295579
65	0.0008207646134738844
66	0.0007912859266308275
67	0.0007876542216120903
68	0.0007514686890718237
69	0.0007474747270115146
70	0.000744687019588256
71	0.0007303446151222506
72	0.0007227615002121787
73	0.0007092913259045997
74	0.0007114934539033795
75	0.0007101195691212041
76	0.000707722024041921
77	0.0007091741181515963
78	0.0007106287629346302
79	0.0006934007725951423
80	0.0006933740378271586
81	0.0006945590647198929
82	0.0006893075417869358
83	0.0006895456220429059
84	0.0006832984795877977
85	0.0006808813632005393
86	0.000681281469173494
87	0.0006733316854038643
88	0.0006325433041874539
89	0.0006326861049336909
90	0.000628185476952749
91	0.0006289261341493001
92	0.0006298295113968654
93	0.0006239607095594095
94	0.0006058979906041
95	0.0006031994504444948
96	0.0005622317389163797
97	0.0005596642585601454
98	0.000559655407779518
99	0.0005590140035517998
100	0.0005527091336789136
101	0.0005534432859901832
102	0.0005433839145828239
103	0.0005428067995524217
104	0.0005145475943564513
105	0.0005151192610756967
106	0.0005141874153378872
107	0.0005033746573509473
108	0.0005036710071624581
109	0.0005041322071619111
110	0.0005018174220130595
111	0.00047551714164593425
112	0.0004755449561024904
113	0.0004608886945525381
114	0.0004612680342144335
115	0.0004423378792752148
116	0.00044115744618470395
117	0.0004425506428898426
118	0.000429892208210873
119	0.00042090444991317876
120	0.0004203427811520021
121	0.000419983081073697
122	0.00041976685272442055
123	0.0004189605146027278
124	0.0004189996903706777
125	0.0003951861095767452
126	0.00039565023465358866
127	0.0003921471718042036
128	0.00038578366285848864
129	0.0003864664532396857
130	0.0003871474461378474
131	0.0003879163585208962
132	0.00038872219340725824
133	0.00038949960638092113
134	0.000389730293843405
135	0.00039096460248798067
136	0.0003809357050372543
137	0.0003814548995714584
138	0.0003468148855342554
139	0.00034299909010652665
140	0.0003351875278418321
141	0.0003358119670640209
142	0.0003360730891438946
143	0.0003281365803391986
144	0.0003281696045719026
145	0.0003280087485477611
146	0.00032809102499188505
147	0.00032820401485231015
148	0.00032834439638282787
149	0.00032784869969842083
150	0.0003242812737816069
151	0.0003248789983546312
152	0.0003249257052493858
153	0.0003146959607912451
154	0.0003119322232502653
155	0.0003128763274158474
156	0.000309530665199523
157	0.0003077019254973904
158	0.00030870834104354436
159	0.00030586227563583827
160	0.00030707402893017863
161	0.0003083318836369229
162	0.0003017737966153921
163	0.00030309216783201465
164	0.0002678299554392966
165	0.0002673879015363872
166	0.00026826841553561894
167	0.00026850700372885796
168	0.00024971928547868683
169	0.00024984092230010796
170	0.0002484456291364682
171	0.00024835827743684786
172	0.00024827450032035523
173	0.0002487148148101103
174	0.0002487335148023506
175	0.00024884452478215926
176	0.0002488098720148435
177	0.0002486575165934452
178	0.00024844201915598244
179	0.0002454254053661488
180	0.00024572667000429715
181	0.00024168404892949607
182	0.00023574058258563212
183	0.00021791913983826132
184	0.0002112771420258454
185	0.00021130593664439828
186	0.00020756270211238817
187	0.0002064289283644793
188	0.00020181487447223963
189	0.0001968442847091558
190	0.0001956446266292406
191	0.0001958785942502006
192	0.0001961358403570614
193	0.00019364777462480625
194	0.00018934857908861
195	0.0001810023558616773
196	0.00018067424844666
197	0.00018075602200257152
198	0.00018046694495931428
199	0.00018040534183350371
200	0.00017558898993843845
201	0.00016991020152080886
202	0.0001678896078831037
203	0.00016794095430314946
204	0.00016812290114300244
205	0.00016512896518291244
206	0.0001620837749216101
207	0.00016196425799293939
208	0.00016205437665640248
209	0.0001618832026639379
210	0.00016009533368997313
211	0.00015943089234930896
212	0.00015608067963743713
213	0.00015402238064196735
214	0.00015428584949330276
215	0.00015265050868248697
216	0.00014926873903250835
217	0.00014691729917471296
218	0.00014583382621040643
219	0.00014605635948988373
220	0.00014396614317454192
221	0.0001444683682492903
222	0.0001427528362222148
223	0.0001319949429186637
224	0.00013025056633416115
225	0.0001304060437485778
226	0.0001298018202594936
227	0.00013010090437559304
228	0.00013011901980537286
229	0.00012913755290133437
230	0.00012848831913901695
231	0.0001256923216233292
232	0.00012519158407292856
233	0.00012537551188872715
234	0.00012545124204513134
235	0.00012569956845699727
236	0.0001236951884110523
237	0.0001226749725734924
238	0.00012315519651995665
239	0.00012359097743737664
240	0.0001240208216574979
241	0.00012427521341958897
242	0.00012313890899147545
243	0.000123670092398796
244	0.000123819394046374
245	0.00012427024200272155
246	0.00012486040207648034
247	0.00012504118358049477
248	0.00012532079274888794
249	0.00012592743571985192
250	0.00011986423426533496
251	0.00012019091710295125
252	0.00012058728120694289
253	0.00011968705744784664
254	0.00011924067392302019
255	0.00011974086811689027
256	0.00011452273226103664
257	0.00011457032828395058
258	0.00011477267141594611
259	0.00011444487659718697
260	0.0001144355712967697
261	0.00011332333758278513
262	0.00011323531327016717
263	0.00011325449415679193
264	0.00011255641765896954
265	0.00011260484434463049
266	0.00011201837707911718
267	0.00011218187814453185
268	0.0001114999656379006
269	0.00011091408201306836
270	0.00011101138546341798
271	0.00011105155940059347
272	0.00011122232159036984
273	0.00011125741958795726
274	0.00011127557538569382
275	0.00011092246017759787
276	0.00011103928109425092
277	0.00011134229399892397
278	0.00011026985721971746
279	0.0001093556934383665
280	0.00010886097503419149
281	0.0001074713711949813
282	0.00010703411604455396
283	0.00010722610343591097
284	0.0001074353570317648
285	0.0001077093241531465
286	0.00010769326495804631
287	0.00010791084064492013
288	0.00010645025155862893
289	0.00010463241129868363
290	0.00010463757972701286
291	0.00010456649586305777
292	0.00010409190554537117
293	0.00010404668707142972
294	0.0001040710713392795
295	0.000103684470288734
296	0.00010377004053093129
297	0.00010354368560444914
298	0.00010255113681401365
299	0.00010260230730765712
300	0.00010271837978361153
301	0.00010252576421865172
302	0.00010247867987274598
303	0.00010254346145650842
304	0.00010206583064462844
305	0.00010123307794814808
306	0.00010148220037332996
307	0.00010182380147046468
308	0.0001021555828278546
309	0.00010062176646605416
310	9.905259907262533e-05
311	9.89688732563359e-05
312	9.887909520955591e-05
313	9.85961681839115e-05
314	9.764325971003042e-05
315	9.782095890637815e-05
316	9.77258590916477e-05
317	9.79346378835604e-05
318	9.802324904954866e-05
319	9.743679377933738e-05
320	9.715483546309974e-05
321	9.718283994542921e-05
322	9.715047116707579e-05
323	9.723143411574904e-05
324	9.571718852976234e-05
325	9.587755998029818e-05
326	9.569168733954002e-05
327	9.560564949771213e-05
328	9.533991680325498e-05
329	9.559226971498037e-05
330	9.344486965747187e-05
331	9.391443468695007e-05
332	9.434311815227848e-05
333	9.489080203562554e-05
334	9.125484816505057e-05
335	9.089844354288373e-05
336	9.051864653233626e-05
337	8.917551994500384e-05
338	8.915707094104163e-05
339	8.91713067429751e-05
340	8.914756172123553e-05
341	8.9521919106297e-05
342	8.988402231932505e-05
343	9.021117406217926e-05
344	9.047728418064594e-05
345	9.09268933927285e-05
346	8.998950613772987e-05
347	9.025348545176293e-05
348	9.022040935324225e-05
349	9.070381674720191e-05
350	9.10429700835713e-05
351	9.161523369656565e-05
352	8.80570353561501e-05
353	8.805866808500444e-05
354	8.80547187825925e-05
355	8.805688891935506e-05
356	8.80894235997889e-05
357	8.808951380642196e-05
358	8.800066179923608e-05
359	8.796525871492615e-05
360	8.801334384730139e-05
361	8.798652397565741e-05
362	8.802014407114739e-05
363	8.812216319793675e-05
364	8.820010866246464e-05
365	8.829717985119387e-05
366	8.847387546195539e-05
367	8.876751527656736e-05
368	8.910799508354115e-05
369	8.951922143639366e-05
370	8.990170062328139e-05
371	8.905074721276167e-05
372	8.908291706692561e-05
373	8.937515728190801e-05
374	8.939173347349122e-05
375	8.933697805028411e-05
376	8.857342738811135e-05
377	8.893146943342115e-05
378	8.949856548416603e-05
379	8.942951724430144e-05
380	8.813284231198007e-05
381	8.764662463185986e-05
382	8.803968764939461e-05
383	8.804057902213012e-05
384	8.798662768891325e-05
385	8.8294996960007e-05
386	8.849036778868715e-05
387	8.759540785734502e-05
388	8.786399977881935e-05
389	8.830856209618227e-05
390	8.808582348150794e-05
391	8.805979031648316e-05
392	8.733621607445015e-05
393	8.776941207268277e-05
394	8.770840525646059e-05
395	8.764667296121484e-05
396	8.651876654290165e-05
397	8.650789143604177e-05
398	8.663407094338541e-05
399	8.663101430466949e-05
400	8.662178079167262e-05
