2.499999999999626
3.1176374455284583
3.5166561707032873
3.7692181471864723
3.902236560876328
3.9611077060757207
3.9849315580239693
3.994251951655957
3.997854536519574
3.999240871900325
3.9997734625004497
3.999977935632126
4.000056416993007
4.000086536718996
4.000098095708909
4.00010253176185
4.000104234398195
4.00010488811927
4.000105139341373
4.0001052361164104
4.000105273628224
4.000105288400493
4.0001052944477005
4.000105297147213
4.000105298562294
4.000105299484589
4.000105300217828
4.000105300878551
4.000105301511466
4.000105302133725
4.000105302751909
4.000105303368543
4.000105303984595
4.000105304600438
4.000105305216211
4.000105305831972
4.000105306447742
4.000105307063528
4.000105307679331
4.000105308295158
4.000105308911003
4.0001053095268695
4.0001053101427555
4.000105310758665
4.000105311374594
4.000105311990545
4.000105312606517
4.000105313222509
4.000105313838523
4.000105314454557
4.000105315070613
